0000000000000000000000000000000000000000
0111111111111111111111111111111111111110
0100111111111111101111011111111111110010
0101110000000111000110001110000000111010
0111110000000111111111111110000000111110
0111110000000111000000001110000000111110
0111411111111111111111111111111111141110
0111100000011110000000000111100000011110
0111111111111110000000000111111111111110
0111111111111111111111111111111111111110
0111111111100011111111111100011111111110
0111111111101111100000011111011111111110
0111001111101111100000011111011111001110
0111001111101111100000011111011111001110
0111001111101111100000011111011111001110
0111001111100011111111111100011111001110
0111001111111111111111111111111111001110
0111001111000000000000000000001111001110
0111001111111111111111111111111111001110
0111001111111111111111111111111111001110
0111111111101011111001111101011111111110
0111111111101011111001111101011111111110
0111111111101011111001111101011111111110
0111110000001011111111111101000000111110
0110111111111111111111111111111111110110
0110110000000011111001111100000000110110
0110111111111111111001111111111111110110
0110000011114111111001111114111100000110
0111111111111111111111111111111111111110
0000000000000000000000000000000000000000